/*--------------------------------*- C++ -*----------------------------------*\
  =========                 |
  \\      /  F ield         | OpenFOAM: The Open Source CFD Toolbox
   \\    /   O peration     | Website:  https://openfoam.org
    \\  /    A nd           | Version:  12
     \\/     M anipulation  |
\*---------------------------------------------------------------------------*/
FoamFile
{
    format      ascii;
    class       volScalarField;
    location    "0";
    object      N2;
}
// * * * * * * * * * * * * * * * * * * * * * * * * * * * * * * * * * * * * * //

dimensions      [];

internalField   nonuniform List<scalar> 
1100
(
0.756972
0.756972
0.756972
0.756972
0.756972
0.756972
0.756972
0.756972
0.756972
0.756972
0.756972
0.756972
0.756972
0.756972
0.756972
0.756972
0.756972
0.756972
0.756972
0.756972
0.756972
0.756972
0.756972
0.756972
0.756972
0.756972
0.756972
0.756972
0.756972
0.756972
0.756972
0.756972
0.756972
0.756972
0.756972
0.756972
0.756972
0.756972
0.756972
0.756972
0.756972
0.756972
0.756972
0.756972
0.756972
0.756972
0.756972
0.756972
0.756972
0.756972
0.756972
0.756972
0.756972
0.756972
0.756972
0.756972
0.756972
0.756972
0.756972
0.756972
0.756972
0.756972
0.756972
0.756972
0.756972
0.756972
0.756972
0.756972
0.756972
0.756972
0.756972
0.756972
0.756972
0.756972
0.756972
0.756972
0.756972
0.756972
0.756972
0.756972
0.756972
0.756972
0.756972
0.756972
0.756972
0.756972
0.756972
0.756972
0.756972
0.756972
0.756972
0.756972
0.756972
0.756972
0.756972
0.756972
0.756972
0.756972
0.756972
0.756972
0.756972
0.756972
0.756972
0.756972
0.756972
0.756972
0.756972
0.756972
0.756972
0.756972
0.756972
0.756972
0.756972
0.756972
0.756972
0.756972
0.756972
0.756972
0.756972
0.756972
0.756972
0.756972
0.756972
0.756972
0.756972
0.756972
0.756972
0.756972
0.756972
0.756972
0.756972
0.756972
0.756972
0.756972
0.756972
0.756972
0.756972
0.756972
0.756972
0.756972
0.756972
0.756972
0.756972
0.756972
0.756972
0.756972
0.756972
0.756972
0.756972
0.756972
0.756972
0.756972
0.756972
0.756972
0.756972
0.756972
0.756972
0.756972
0.756972
0.756972
0.756972
0.756972
0.756972
0.756972
0.756972
0.756972
0.756972
0.756972
0.756972
0.756972
0.756972
0.756972
0.756972
0.756972
0.756972
0.756972
0.756972
0.756972
0.756972
0.756972
0.756972
0.756972
0.756972
0.756972
0.756972
0.756972
0.756972
0.756972
0.756972
0.756972
0.756972
0.756972
0.756972
0.756972
0.756972
0.756972
0.756972
0.756972
0.756972
0.756972
0.756972
0.756972
0.756972
0.756972
0.756972
0.756972
0.756972
0.756972
0.756972
0.756972
0.756972
0.756972
0.756972
0.756972
0.756972
0.756972
0.756972
0.756972
0.756972
0.756972
0.756972
0.756972
0.756972
0.756972
0.756972
0.756972
0.756972
0.756972
0.756972
0.756972
0.756972
0.756972
0.756972
0.756972
0.756972
0.756972
0.756972
0.756972
0.756972
0.756972
0.756972
0.756972
0.756972
0.756972
0.756972
0.756972
0.756972
0.756972
0.756972
0.756972
0.756972
0.756972
0.756972
0.756972
0.756972
0.756972
0.756972
0.756972
0.756972
0.756972
0.756972
0.756972
0.756972
0.756972
0.756972
0.756972
0.756972
0.756972
0.756972
0.756972
0.756972
0.756972
0.756972
0.756972
0.756972
0.756972
0.756972
0.756972
0.756972
0.756972
0.756972
0.756972
0.756972
0.756972
0.756972
0.756972
0.756972
0.756972
0.756972
0.756972
0.756972
0.756972
0.756972
0.756972
0.756972
0.756972
0.756972
0.756972
0.756972
0.756972
0.756972
0.756972
0.756972
0.756972
0.756972
0.756972
0.756972
0.756972
0.756972
0.756972
0.756972
0.756972
0.756972
0.756972
0.756972
0.756972
0.756972
0.756972
0.756972
0.756972
0.756972
0.756972
0.756972
0.756972
0.756972
0.756972
0.756972
0.756972
0.756972
0.756972
0.756972
0.756972
0.756972
0.756972
0.756972
0.756972
0.756972
0.756972
0.756972
0.756972
0.756972
0.756972
0.756972
0.756972
0.756972
0.756972
0.756972
0.756972
0.756972
0.756972
0.756972
0.756972
0.756972
0.756972
0.756972
0.756972
0.756972
0.756972
0.756972
0.756972
0.756972
0.756972
0.756972
0.756972
0.756972
0.756972
0.756972
0.756972
0.756972
0.756972
0.756972
0.756972
0.756972
0.756972
0.756972
0.756972
0.756972
0.756972
0.756972
0.756972
0.756972
0.756972
0.756972
0.756972
0.756972
0.756972
0.756972
0.756972
0.756972
0.756972
0.756972
0.756972
0.756972
0.756972
0.756972
0.756972
0.756972
0.756972
0.756972
0.756972
0.756972
0.756972
0.756972
0.756972
0.756972
0.756972
0.756972
0.756972
0.756972
0.756972
0.756972
0.756972
0.756972
0.756972
0.756972
0.756972
0.756972
0.756972
0.756972
0.756972
0.756972
0.756972
0.756972
0.756972
0.756972
0.756972
0.756972
0.756972
0.756972
0.756972
0.756972
0.756972
0.756972
0.756972
0.756972
0.756972
0.756972
0.756972
0.756972
0.756972
0.757063
0.757063
0.757063
0.757063
0.757063
0.757063
0.757063
0.757063
0.757063
0.757063
0.757063
0.757063
0.757063
0.757063
0.757063
0.757063
0.757063
0.757063
0.757063
0.757063
0.757063
0.757063
0.757063
0.757063
0.757063
0.757063
0.757063
0.757063
0.757063
0.757063
0.757063
0.757063
0.757063
0.757063
0.757063
0.757063
0.757063
0.757063
0.757063
0.757063
0.757063
0.757063
0.757063
0.757063
0.757063
0.757063
0.757063
0.757063
0.757063
0.757063
0.757063
0.757063
0.757063
0.757063
0.757063
0.757063
0.757063
0.757063
0.757063
0.757063
0.757063
0.757063
0.757063
0.757063
0.757063
0.757063
0.757063
0.757063
0.757063
0.757063
0.757063
0.757063
0.757063
0.757063
0.757063
0.757063
0.757063
0.757063
0.757063
0.757063
0.757063
0.757063
0.757063
0.757063
0.757063
0.757063
0.757063
0.757063
0.757063
0.757063
0.757063
0.757063
0.757063
0.757063
0.757063
0.757063
0.757063
0.757063
0.757063
0.757063
0.757063
0.757063
0.757063
0.757063
0.757063
0.757063
0.757063
0.757063
0.757063
0.757063
0.757063
0.757063
0.757063
0.757063
0.757063
0.757063
0.757063
0.757063
0.757063
0.757063
0.757063
0.757063
0.757063
0.757063
0.757063
0.757063
0.757063
0.757063
0.757063
0.757063
0.757063
0.757063
0.757063
0.757063
0.757063
0.757063
0.757063
0.757063
0.757063
0.757063
0.757063
0.757063
0.757063
0.757063
0.757063
0.757063
0.757063
0.757063
0.757063
0.757063
0.757063
0.757063
0.757063
0.757063
0.757063
0.757063
0.757063
0.757063
0.757063
0.757063
0.757063
0.757063
0.757063
0.757063
0.757063
0.757063
0.757063
0.757063
0.757063
0.757063
0.757063
0.757063
0.757063
0.757063
0.757063
0.757063
0.757063
0.757063
0.757063
0.757063
0.757063
0.757063
0.757063
0.757063
0.757063
0.757063
0.757063
0.757063
0.757063
0.757063
0.757063
0.757063
0.757063
0.757063
0.757063
0.757063
0.757063
0.757063
0.757063
0.757063
0.757063
0.757063
0.757063
0.757063
0.757063
0.757063
0.757063
0.757063
0.757063
0.757063
0.757063
0.757063
0.757063
0.757063
0.757063
0.757063
0.757063
0.757063
0.757063
0.757063
0.757063
0.757063
0.757063
0.757063
0.757063
0.757063
0.757063
0.757063
0.757063
0.757063
0.757063
0.757063
0.757063
0.757063
0.757063
0.757063
0.757063
0.757063
0.757063
0.757063
0.757063
0.757063
0.757063
0.757063
0.757063
0.757063
0.757063
0.757063
0.757063
0.757063
0.757063
0.757063
0.757063
0.757063
0.757063
0.757063
0.757063
0.757063
0.757063
0.757063
0.757063
0.757063
0.757063
0.757063
0.757063
0.757063
0.757063
0.757063
0.757063
0.757063
0.757063
0.757063
0.757063
0.757063
0.757063
0.757063
0.757063
0.757063
0.757063
0.757063
0.757063
0.757063
0.757063
0.757063
0.757063
0.757063
0.757063
0.757063
0.757063
0.757063
0.757063
0.757063
0.757063
0.757063
0.757063
0.757063
0.757063
0.757063
0.757063
0.757063
0.757063
0.757063
0.757063
0.757063
0.757063
0.757063
0.757063
0.757063
0.757063
0.757063
0.757063
0.757063
0.757063
0.757063
0.757063
0.757063
0.757063
0.757063
0.757063
0.757063
0.757063
0.757063
0.757063
0.757063
0.757063
0.757063
0.757063
0.757063
0.757063
0.757063
0.757063
0.757063
0.757063
0.757063
0.757063
0.757063
0.757063
0.757063
0.757063
0.757063
0.757063
0.757063
0.757063
0.757063
0.757063
0.757063
0.757063
0.757063
0.757063
0.757063
0.757063
0.757063
0.757063
0.757063
0.757063
0.757063
0.757063
0.757063
0.757063
0.757063
0.757063
0.757063
0.757063
0.757063
0.757063
0.757063
0.757063
0.757063
0.757063
0.757063
0.757063
0.757063
0.757063
0.757063
0.757063
0.757063
0.757063
0.757063
0.757063
0.757063
0.757063
0.757063
0.757063
0.757063
0.757063
0.757063
0.757063
0.757063
0.757063
0.757063
0.757063
0.757063
0.757063
0.757063
0.757063
0.757063
0.757063
0.757063
0.757063
0.757063
0.757063
0.757063
0.757063
0.757063
0.757063
0.757063
0.757063
0.757063
0.757063
0.757063
0.757063
0.757063
0.757063
0.757063
0.757063
0.757063
0.757063
0.757063
0.757063
0.757063
0.757063
0.757063
0.757063
0.757063
0.757063
0.757063
0.757063
0.757063
0.757063
0.757063
0.757063
0.757063
0.757063
0.757063
0.757063
0.757063
0.757063
0.757063
0.757063
0.757063
0.757063
0.757063
0.757063
0.757063
0.757063
0.757063
0.757063
0.757063
0.757063
0.757063
0.757063
0.757063
0.757063
0.757063
0.757063
0.757063
0.757063
0.757063
0.757063
0.757063
0.757063
0.757063
0.757063
0.757063
0.757063
0.757063
0.757063
0.757063
0.757063
0.757063
0.757063
0.757063
0.757063
0.757063
0.757063
0.757063
0.757063
0.757063
0.757063
0.757063
0.757063
0.757063
0.757063
0.757063
0.757063
0.757063
0.757063
0.757063
0.757063
0.757063
0.757063
0.757063
0.757063
0.757063
0.757063
0.757063
0.757063
0.757063
0.757063
0.757063
0.757063
0.757063
0.757063
0.757063
0.757063
0.757063
0.757063
0.757063
0.757063
0.757063
0.757063
0.757063
0.757063
0.757063
0.757063
0.757063
0.757063
0.757063
0.757063
0.757063
0.757063
0.757063
0.757063
0.757063
0.757063
0.757063
0.757063
0.757063
0.757063
0.757063
0.757063
0.757063
0.757063
0.757063
0.757063
0.757063
0.757063
0.757063
0.757063
0.757063
0.757063
0.757063
0.757063
0.757063
0.757063
0.757063
0.757063
0.757063
0.757063
0.757063
0.757063
0.757063
0.757063
0.757063
0.757063
0.757063
0.757063
0.757063
0.757063
0.757063
0.757063
0.757063
0.757063
0.757063
0.757063
0.757063
0.757063
0.757063
0.757063
0.757063
0.757063
0.757063
0.757063
0.757063
0.757063
0.757063
0.757063
0.757063
0.757063
0.757063
0.757063
0.757063
0.757063
0.757063
0.757063
0.757063
0.757063
0.757063
0.757063
0.757063
0.757063
0.757063
0.757063
0.757063
0.757063
0.757063
0.757063
0.757063
0.757063
0.757063
0.757063
0.757063
0.757063
0.757063
0.757063
0.757063
0.757063
0.757063
0.757063
0.757063
0.757063
0.757063
0.757063
0.757063
0.757063
0.757063
0.757063
0.757063
0.757063
0.757063
0.757063
0.757063
0.757063
0.757063
0.757063
0.757063
0.757063
0.757063
0.757063
0.757063
0.757063
0.757063
0.757063
0.757063
0.757063
0.757063
0.757063
0.757063
0.757063
0.757063
0.757063
0.757063
0.757063
0.757063
0.757063
0.757063
0.757063
0.757063
0.757063
0.757063
0.757063
0.757063
0.757063
0.757063
0.757063
0.757063
0.757063
0.757063
0.757063
0.757063
)
;

boundaryField
{
    inlet
    {
        type            fixedValue;
        value           uniform 0.756972;
    }
    outlet
    {
        type            zeroGradient;
    }
    frontAndBack
    {
        type            empty;
    }
}


// ************************************************************************* //
