/*--------------------------------*- C++ -*----------------------------------*\
  =========                 |
  \\      /  F ield         | OpenFOAM: The Open Source CFD Toolbox
   \\    /   O peration     | Website:  https://openfoam.org
    \\  /    A nd           | Version:  12
     \\/     M anipulation  |
\*---------------------------------------------------------------------------*/
FoamFile
{
    format      ascii;
    class       volScalarField;
    location    "0";
    object      T;
}
// * * * * * * * * * * * * * * * * * * * * * * * * * * * * * * * * * * * * * //

dimensions      [0 0 0 1 0 0 0];

internalField   nonuniform List<scalar> 
1100
(
300
300
300
300
300
300
300
300
300
300
300
300
300
300
300
300
300
300
300
300
300
300
300
300
300
300
300
300
300
300
300
300
300
300
300
300
300
300
300
300
300
300
300
300
300
300
300
300
300
300
300
300
300
300
300
300
300
300
300
300
300
300
300
300
300
300
300
300
300
300
300
300
300
300
300
300
300
300
300
300
300
300
300
300
300
300
300
300
300
300
300
300
300
300
300
300
300
300
300
300
300
300
300
300
300
300
300
300
300
300
300
300
300
300
300
300
300
300
300
300
300
300
300
300
300
300
300
300
300
300
300
300
300
300
300
300
300
300
300
300
300
300
300
300
300
300
300
300
300
300
300
300
300
300
300
300
300
300
300
300
300
300
300
300
300
300
300
300
300
300
300
300
300
300
300
300
300
300
300
300
300
300
300
300
300
300
300
300
300
300
300
300
300
300
300
300
300
300
300
300
300
300
300
300
300
300
300
300
300
300
300
300
300
300
300
300
300
300
300
300
300
300
300
300
300
300
300
300
300
300
300
300
300
300
300
300
300
300
300
300
300
300
300
300
300
300
300
300
300
300
300
300
300
300
300
300
300
300
300
300
300
300
300
300
300
300
300
300
300
300
300
300
300
300
300
300
300
300
300
300
300
300
300
300
300
300
300
300
300
300
300
300
300
300
300
300
300
300
300
300
300
300
300
300
300
300
300
300
300
300
300
300
300
300
300
300
300
300
300
300
300
300
300
300
300
300
300
300
300
300
300
300
300
300
300
300
300
300
300
300
300
300
300
300
300
300
300
300
300
300
300
300
300
300
300
300
300
300
300
300
300
300
300
300
300
300
300
300
300
300
300
300
300
300
300
300
300
300
300
300
300
300
300
300
300
300
300
300
300
300
300
300
300
300
300
300
300
300
300
300
300
300
300
300
300
300
300
300
300
300
300
300
300
300
300
300
300
300
300
300
300
300
300
300
300
300
300
300
300
300
300
300
300
300
300
300
300
300
300
300
1525.59
1525.59
1525.59
1525.59
1525.59
1525.59
1525.59
1525.59
1525.59
1525.59
1525.59
1525.59
1525.59
1525.59
1525.59
1525.59
1525.59
1525.59
1525.59
1525.59
1525.59
1525.59
1525.59
1525.59
1525.59
1525.59
1525.59
1525.59
1525.59
1525.59
1525.59
1525.59
1525.59
1525.59
1525.59
1525.59
1525.59
1525.59
1525.59
1525.59
1525.59
1525.59
1525.59
1525.59
1525.59
1525.59
1525.59
1525.59
1525.59
1525.59
1525.59
1525.59
1525.59
1525.59
1525.59
1525.59
1525.59
1525.59
1525.59
1525.59
1525.59
1525.59
1525.59
1525.59
1525.59
1525.59
1525.59
1525.59
1525.59
1525.59
1525.59
1525.59
1525.59
1525.59
1525.59
1525.59
1525.59
1525.59
1525.59
1525.59
1525.59
1525.59
1525.59
1525.59
1525.59
1525.59
1525.59
1525.59
1525.59
1525.59
1525.59
1525.59
1525.59
1525.59
1525.59
1525.59
1525.59
1525.59
1525.59
1525.59
1525.59
1525.59
1525.59
1525.59
1525.59
1525.59
1525.59
1525.59
1525.59
1525.59
1525.59
1525.59
1525.59
1525.59
1525.59
1525.59
1525.59
1525.59
1525.59
1525.59
1525.59
1525.59
1525.59
1525.59
1525.59
1525.59
1525.59
1525.59
1525.59
1525.59
1525.59
1525.59
1525.59
1525.59
1525.59
1525.59
1525.59
1525.59
1525.59
1525.59
1525.59
1525.59
1525.59
1525.59
1525.59
1525.59
1525.59
1525.59
1525.59
1525.59
1525.59
1525.59
1525.59
1525.59
1525.59
1525.59
1525.59
1525.59
1525.59
1525.59
1525.59
1525.59
1525.59
1525.59
1525.59
1525.59
1525.59
1525.59
1525.59
1525.59
1525.59
1525.59
1525.59
1525.59
1525.59
1525.59
1525.59
1525.59
1525.59
1525.59
1525.59
1525.59
1525.59
1525.59
1525.59
1525.59
1525.59
1525.59
1525.59
1525.59
1525.59
1525.59
1525.59
1525.59
1525.59
1525.59
1525.59
1525.59
1525.59
1525.59
1525.59
1525.59
1525.59
1525.59
1525.59
1525.59
1525.59
1525.59
1525.59
1525.59
1525.59
1525.59
1525.59
1525.59
1525.59
1525.59
1525.59
1525.59
1525.59
1525.59
1525.59
1525.59
1525.59
1525.59
1525.59
1525.59
1525.59
1525.59
1525.59
1525.59
1525.59
1525.59
1525.59
1525.59
1525.59
1525.59
1525.59
1525.59
1525.59
1525.59
1525.59
1525.59
1525.59
1525.59
1525.59
1525.59
1525.59
1525.59
1525.59
1525.59
1525.59
1525.59
1525.59
1525.59
1525.59
1525.59
1525.59
1525.59
1525.59
1525.59
1525.59
1525.59
1525.59
1525.59
1525.59
1525.59
1525.59
1525.59
1525.59
1525.59
1525.59
1525.59
1525.59
1525.59
1525.59
1525.59
1525.59
1525.59
1525.59
1525.59
1525.59
1525.59
1525.59
1525.59
1525.59
1525.59
1525.59
1525.59
1525.59
1525.59
1525.59
1525.59
1525.59
1525.59
1525.59
1525.59
1525.59
1525.59
1525.59
1525.59
1525.59
1525.59
1525.59
1525.59
1525.59
1525.59
1525.59
1525.59
1525.59
1525.59
1525.59
1525.59
1525.59
1525.59
1525.59
1525.59
1525.59
1525.59
1525.59
1525.59
1525.59
1525.59
1525.59
1525.59
1525.59
1525.59
1525.59
1525.59
1525.59
1525.59
1525.59
1525.59
1525.59
1525.59
1525.59
1525.59
1525.59
1525.59
1525.59
1525.59
1525.59
1525.59
1525.59
1525.59
1525.59
1525.59
1525.59
1525.59
1525.59
1525.59
1525.59
1525.59
1525.59
1525.59
1525.59
1525.59
1525.59
1525.59
1525.59
1525.59
1525.59
1525.59
1525.59
1525.59
1525.59
1525.59
1525.59
1525.59
1525.59
1525.59
1525.59
1525.59
1525.59
1525.59
1525.59
1525.59
1525.59
1525.59
1525.59
1525.59
1525.59
1525.59
1525.59
1525.59
1525.59
1525.59
1525.59
1525.59
1525.59
1525.59
1525.59
1525.59
1525.59
1525.59
1525.59
1525.59
1525.59
1525.59
1525.59
1525.59
1525.59
1525.59
1525.59
1525.59
1525.59
1525.59
1525.59
1525.59
1525.59
1525.59
1525.59
1525.59
1525.59
1525.59
1525.59
1525.59
1525.59
1525.59
1525.59
1525.59
1525.59
1525.59
1525.59
1525.59
1525.59
1525.59
1525.59
1525.59
1525.59
1525.59
1525.59
1525.59
1525.59
1525.59
1525.59
1525.59
1525.59
1525.59
1525.59
1525.59
1525.59
1525.59
1525.59
1525.59
1525.59
1525.59
1525.59
1525.59
1525.59
1525.59
1525.59
1525.59
1525.59
1525.59
1525.59
1525.59
1525.59
1525.59
1525.59
1525.59
1525.59
1525.59
1525.59
1525.59
1525.59
1525.59
1525.59
1525.59
1525.59
1525.59
1525.59
1525.59
1525.59
1525.59
1525.59
1525.59
1525.59
1525.59
1525.59
1525.59
1525.59
1525.59
1525.59
1525.59
1525.59
1525.59
1525.59
1525.59
1525.59
1525.59
1525.59
1525.59
1525.59
1525.59
1525.59
1525.59
1525.59
1525.59
1525.59
1525.59
1525.59
1525.59
1525.59
1525.59
1525.59
1525.59
1525.59
1525.59
1525.59
1525.59
1525.59
1525.59
1525.59
1525.59
1525.59
1525.59
1525.59
1525.59
1525.59
1525.59
1525.59
1525.59
1525.59
1525.59
1525.59
1525.59
1525.59
1525.59
1525.59
1525.59
1525.59
1525.59
1525.59
1525.59
1525.59
1525.59
1525.59
1525.59
1525.59
1525.59
1525.59
1525.59
1525.59
1525.59
1525.59
1525.59
1525.59
1525.59
1525.59
1525.59
1525.59
1525.59
1525.59
1525.59
1525.59
1525.59
1525.59
1525.59
1525.59
1525.59
1525.59
1525.59
1525.59
1525.59
1525.59
1525.59
1525.59
1525.59
1525.59
1525.59
1525.59
1525.59
1525.59
1525.59
1525.59
1525.59
1525.59
1525.59
1525.59
1525.59
1525.59
1525.59
1525.59
1525.59
1525.59
1525.59
1525.59
1525.59
1525.59
1525.59
1525.59
1525.59
1525.59
1525.59
1525.59
1525.59
1525.59
1525.59
1525.59
1525.59
1525.59
1525.59
1525.59
1525.59
1525.59
1525.59
1525.59
1525.59
1525.59
1525.59
1525.59
1525.59
1525.59
1525.59
1525.59
1525.59
1525.59
1525.59
1525.59
1525.59
1525.59
1525.59
1525.59
1525.59
1525.59
1525.59
1525.59
1525.59
1525.59
1525.59
1525.59
1525.59
1525.59
1525.59
1525.59
1525.59
1525.59
1525.59
1525.59
1525.59
1525.59
1525.59
1525.59
1525.59
1525.59
1525.59
1525.59
1525.59
1525.59
1525.59
1525.59
1525.59
1525.59
1525.59
1525.59
1525.59
1525.59
1525.59
1525.59
1525.59
)
;

boundaryField
{
    inlet
    {
        type            fixedValue;
        value           uniform 300;
    }
    outlet
    {
        type            zeroGradient;
    }
    frontAndBack
    {
        type            empty;
    }
}


// ************************************************************************* //
